$ANSIBLE_VAULT;1.1;AES256
66333239636339653536373066333730643531613234626464613937636237623264643762303431
6533356538623931363961633136303865633835653236640a376333626166363833356439356262
30636537393734396461623035616563356635653433396261346561316438333766633261363662
3332653464373232340a313864333235376264346537376632346338333563646633303532373065
62326362313133633661653464663563363461663965373735393733643839346231383938333965
31623339613462323066373337616136363465383763373637623038336438336466653061343661
39343365356263646666373338383933643135346134343731613834633064623465316638376536
32356133653365383836366332653439353938306237643836656637663265653464623930366466
64623436663631643831363762623661396663306236616136386263336565333738366566383938
35643334383461373966633134303561333737313461663033646663353336636631303864333233
613464333139343435303335373861356239
